94,6,0
11,89,0
0,100,0
11,39,50
33,17,50
22,78,0
0,100,0
0,100,0
61,39,0
0,100,0
100,0,0
100,0,0
89,11,0
100,0,0
56,38,6
90,5,5
43,39,18
37,14,49
0,92,8
21,71,8
2,60,38
35,22,43
71,20,9
85,12,3
30,39,31
50,40,10
77,18,5
49,51,0
41,13,46
19,74,7
50,38,12
27,68,5
26,30,44
91,1,8
46,11,43
12,83,5
