72,28,0
28,72,0
46,54,0
61,17,22
22,39,39
44,56,0
17,83,0
11,89,0
72,28,0
6,94,0
61,39,0
100,0,0
61,39,0
50,50,0
56,44,0
87,12,1
41,58,1
58,38,4
42,56,2
96,1,3
60,7,33
77,11,12
75,20,5
63,30,7
42,28,30
30,31,39
67,28,5
5,67,28
13,87,0
87,11,2
24,72,4
52,43,5
60,36,4
5,92,3
31,65,4
35,41,24
