89,11,0
17,83,0
6,94,0
50,11,39
55,28,17
50,50,0
6,94,0
11,89,0
83,17,0
0,100,0
94,6,0
100,0,0
89,11,0
94,6,0
28,55,17
17,69,14
25,70,5
74,13,13
83,15,2
54,43,3
29,64,7
52,36,12
23,73,4
55,36,9
30,65,5
52,48,0
33,46,21
47,52,1
0,97,3
30,69,1
74,22,4
52,47,1
23,73,4
17,65,18
83,16,1
84,11,5
