28,72,0
0,100,0
94,6,0
6,88,6
100,0,0
94,6,0
0,100,0
0,100,0
100,0,0
0,100,0
83,17,0
100,0,0
94,6,0
50,44,6
0,78,22
7,85,8
64,30,6
62,36,2
20,80,0
57,30,13
99,1,0
23,75,2
0,97,3
5,82,13
87,13,0
18,82,0
92,5,3
68,11,21
33,45,22
56,44,0
68,29,3
37,60,3
34,64,2
24,73,3
33,51,16
28,69,3
