0,11,39,50,0
1,61,17,22,2
2,50,11,39,2
3,6,88,6,1
4,31,25,44,0
5,11,39,50,0
6,33,17,50,0
7,22,39,39,0
8,55,28,17,2
9,100,0,0,3
10,33,17,50,0
11,66,9,25,2
12,22,78,0,1
13,44,56,0,1
14,50,50,0,1
15,94,6,0,3
16,58,42,0,1
17,36,64,0,1
